0.042,2,0.363
0.408,1
0.795,1
1.172,1
1.545,2,1.556
3.049,1
3.422,1
4.163,1
4.921,1
5.672,1
6.422,1
7.174,1
7.922,1
8.668,1
9.232,1
9.797,1
10.173,1
10.356,1
10.732,1
11.294,1
12.235,1
12.985,1
13.079,1
13.361,1
13.731,1
14.277,1
14.486,1
15.063,1
15.607,1
15.788,1
16.360,1
16.557,1
16.736,1
17.097,1
17.292,1
17.578,1
17.860,1
18.053,1
18.235,1
18.606,1
18.817,1
18.980,1
19.363,1
19.535,2,0.389
20.112,1
20.297,1
20.486,1
21.048,2,0.381
21.439,1
21.607,1
21.793,1
22.360,1
22.540,1
22.735,1
22.923,1
23.106,1
23.297,1
23.482,1
23.679,1
23.859,1
24.047,1
24.418,1
24.612,1
24.792,1
24.982,1
25.167,1
25.554,2,1.497
27.051,2,0.356
27.606,1
27.793,2,0.374
28.354,1
28.552,2,0.348
29.113,1
29.288,1
29.486,1
29.692,1
29.849,1
30.047,2,0.378
30.425,1
30.608,1
30.797,1
30.971,1
31.361,2,0.370
32.106,1
32.213,1
32.299,1
32.485,1
32.579,1
33.073,2,0.349
33.605,1
33.809,1
34.355,1
34.544,2,0.379
35.109,1
35.301,1
35.484,1
35.673,1
35.859,1
36.048,1
36.424,1
36.613,1
36.790,1
37.351,2,1.046