0.042,2, 0.363
0.795,1
1.172,1
1.545,2,1.556
4.163,1
4.921,1
5.672,1
6.422,1
7.174,1
7.922,1
8.668,1
9.232,1
9.797,1
10.173,1
10.732,1
11.294,1
12.235,1
12.985,1
13.361,1
13.731,1
14.277,1
15.063,1
15.788,1
16.360,1
16.736,1
17.292,1
17.860,1
18.053,1
18.606,1
18.980,1
19.535,2,0.389
21.048,2,0.381
21.793,1
22.923,1
23.297,1
23.482,1
24.047,1
24.612,1
24.982,1
25.554,2,1.497
27.793,2,0.374
28.552,2,0.348
29.113,1
29.486,1
29.849,1
30.047,2,0.378
30.425,1
30.797,1
31.361,2,0.370
32.213,1
32.485,1
33.073,2,0.349
33.605,1
33.809,1
34.544,2,0.379
35.109,1
35.301,1
35.673,1
35.859,1
36.048,1
36.424,1
36.790,1
37.351,2,1.046